##FastQC	0.10.1
>>Basic Statistics	pass
#Measure	Value	
Filename	s.cerevisiae_mutant.fastq	
File type	Conventional base calls	
Encoding	Sanger / Illumina 1.9	
Total Sequences	2704027	
Filtered Sequences	0	
Sequence length	58	
%GC	31	
>>END_MODULE
>>Per base sequence quality	pass
#Base	Mean	Median	Lower Quartile	Upper Quartile	10th Percentile	90th Percentile
1	29.932374195967718	30.0	30.0	32.0	28.0	32.0
2	29.974340862720677	30.0	30.0	32.0	28.0	32.0
3	30.070765935399315	30.0	30.0	32.0	28.0	32.0
4	30.205106679777977	30.0	30.0	32.0	28.0	32.0
5	30.130645515004105	30.0	30.0	32.0	28.0	32.0
6	31.254264472950897	33.0	31.0	33.0	28.0	33.0
7	31.18781691159149	33.0	31.0	33.0	28.0	33.0
8	31.375090929195604	33.0	31.0	33.0	28.0	33.0
9	33.71492333471522	35.0	33.0	35.0	31.0	36.0
10	33.74787936658917	35.0	33.0	35.0	31.0	36.0
11	33.791622642821245	35.0	33.0	35.0	31.0	36.0
12	33.78659125814942	35.0	33.0	35.0	31.0	36.0
13	33.76146465993128	35.0	33.0	35.0	31.0	36.0
14	33.75503388094867	35.0	33.0	35.0	31.0	36.0
15	33.74173112916402	35.0	33.0	35.0	31.0	36.0
16	33.704189714082	35.0	33.0	35.0	31.0	36.0
17	36.211736791089734	38.0	37.0	38.0	34.0	38.0
18	36.1108798100019	37.0	37.0	38.0	34.0	38.0
19	36.1296359097006	38.0	37.0	38.0	34.0	38.0
20	36.167246111078036	38.0	37.0	38.0	34.0	38.0
21	36.088367091009076	37.0	37.0	38.0	34.0	38.0
22	36.14788239910326	37.0	37.0	38.0	34.0	38.0
23	37.532726559313204	39.0	37.0	40.0	34.0	40.0
24	37.479218957503015	39.0	37.0	40.0	34.0	40.0
25	37.433832206557106	39.0	37.0	40.0	34.0	40.0
26	37.21032667203397	39.0	37.0	40.0	33.0	40.0
27	37.195615650287515	39.0	37.0	40.0	33.0	40.0
28	37.18086468811147	39.0	37.0	40.0	33.0	40.0
29	37.16985074483354	39.0	37.0	40.0	33.0	40.0
30	37.10739278860751	39.0	37.0	40.0	33.0	40.0
31	37.28464175838481	39.0	37.0	40.0	34.0	40.0
32	37.24553268144142	39.0	37.0	40.0	34.0	40.0
33	37.08818698925713	39.0	37.0	40.0	33.0	40.0
34	36.93571033129477	39.0	37.0	40.0	32.0	40.0
35	36.89677026153955	39.0	37.0	40.0	32.0	40.0
36	36.83958111365012	39.0	37.0	40.0	32.0	40.0
37	36.7527920394286	39.0	37.0	40.0	32.0	40.0
38	36.5791428857774	39.0	37.0	40.0	32.0	40.0
39	36.48209244952066	39.0	37.0	40.0	31.0	40.0
40	36.41653245326322	39.0	37.0	40.0	31.0	40.0
41	36.33129070086948	39.0	37.0	40.0	30.0	40.0
42	36.12871764963885	39.0	36.0	40.0	30.0	40.0
43	36.10264098694281	39.0	36.0	40.0	30.0	40.0
44	36.07585686089673	39.0	36.0	40.0	30.0	40.0
45	36.13240326372481	39.0	36.0	40.0	30.0	40.0
46	35.97065413917834	39.0	36.0	40.0	29.0	40.0
47	36.03527442588406	39.0	36.0	40.0	29.0	40.0
48	36.04255652772698	39.0	36.0	40.0	29.0	40.0
49	36.04303248451291	39.0	36.0	40.0	29.0	40.0
50	35.95001307309431	39.0	36.0	40.0	28.0	40.0
51	35.91560032499675	39.0	36.0	40.0	28.0	40.0
52	35.90699168314518	39.0	36.0	40.0	28.0	40.0
53	35.96907205438407	39.0	36.0	40.0	29.0	40.0
54	35.82335568394842	39.0	36.0	40.0	28.0	40.0
55	35.85946737957868	39.0	36.0	40.0	28.0	40.0
56	35.832996490049844	39.0	36.0	40.0	28.0	40.0
57	35.843359922071784	39.0	36.0	40.0	28.0	40.0
58	35.69172719059388	39.0	36.0	40.0	28.0	40.0
>>END_MODULE
>>Per sequence quality scores	pass
#Quality	Count
8	1.0
9	2.0
10	9.0
11	19.0
12	40.0
13	47.0
14	116.0
15	305.0
16	639.0
17	1146.0
18	2043.0
19	3574.0
20	5666.0
21	8668.0
22	12260.0
23	17146.0
24	22960.0
25	28859.0
26	34109.0
27	39051.0
28	45362.0
29	52016.0
30	61146.0
31	75535.0
32	92889.0
33	110188.0
34	153086.0
35	232400.0
36	432254.0
37	1224046.0
38	48445.0
>>END_MODULE
>>Per base sequence content	fail
#Base	G	A	T	C
1	22.3823420420466	14.654116385764912	45.757857221921334	17.205684350267155
2	12.215239213853131	21.794222240631	58.00673366804436	7.983804877471503
3	12.529946087796493	24.026322232108715	52.02989912079248	11.413832559302314
4	15.437271891146057	27.52313493911118	46.07450295429742	10.965090215445333
5	16.27320243212488	29.86723610036047	44.42703384982025	9.432527617694406
6	12.266165778907464	33.0676527617059	43.494394783430025	11.17178667595661
7	12.336868187239393	15.812131914460851	58.17597840256654	13.675021495733214
8	15.378544666898666	23.51023122180363	42.04898841616596	19.062235695131744
9	18.62623311544827	23.56845813185899	40.440565453351944	17.364743299340798
10	15.575585037651432	40.75034374822024	32.83766282275165	10.836408391376672
11	19.336329430665074	33.092587839622006	31.158130180823544	16.412952548889372
12	16.26493236381603	28.052429969238464	38.9232573947144	16.759380272231112
13	15.22074298814324	31.835554896456287	39.618539311922554	13.325162803477925
14	15.53399099530238	32.09985347210459	38.26423247416161	14.10192305843142
15	16.113783337389133	32.143948140976185	36.789935893690185	14.952332627944493
16	16.978246084809314	32.17799135287141	35.788801779869154	15.054960782450125
17	17.24217888437463	33.00755983855185	34.55858042785091	15.191680849222603
18	17.206143022347174	33.80692608129183	33.55293303170734	15.433997864653657
19	17.247392107183313	34.25451081230309	33.140902580359565	15.357194500154032
20	16.991478632232088	34.469306138328555	33.32830379589545	15.210911433543908
21	17.08884563652656	33.752214752293526	33.495819383460294	15.66312022771962
22	17.31055983313733	33.87478642909446	33.61288008224791	15.201773655520299
23	17.289287422056066	33.474850657926126	33.99344755063466	15.242414369383145
24	16.61296871983651	33.15792743676623	34.613541202079574	15.615562641317684
25	17.311625983877775	32.948306729847864	34.40882643255156	15.331240853722806
26	17.30772645091036	33.352702970619305	34.04875230438269	15.290818274087641
27	17.044779796872174	32.78883266796817	34.506240596190864	15.660146938968794
28	17.160547939125273	32.74389375588339	34.5699136516884	15.525644653302928
29	17.396029016929994	32.82387634849462	34.3057178353959	15.474376799179485
30	16.643866596102942	33.25282116201586	34.60174212509972	15.50157011678148
31	17.00490145497729	33.1535553763077	34.19387098074589	15.647672187969116
32	17.251443929099633	33.720834333429366	33.784593922793945	15.243127814677058
33	16.773104333322237	33.29383526940416	34.22388893203596	15.709171465237636
34	17.12382723391413	33.239467665533475	34.07064852374232	15.566056576810075
35	16.970885134810224	33.753379965451295	33.33801873915729	15.937716160581186
36	16.980411144405068	33.64231243113163	33.541296240059744	15.835980184403558
37	17.153477961457977	33.18529772687431	33.892880310845186	15.768344000822529
38	17.02637659086345	33.959329077346354	33.40610748062264	15.60818685116756
39	16.87429059410536	33.86308470856524	33.20920155615314	16.053423141176257
40	16.856514352115187	34.149172942118895	33.17255453374764	15.821758172018278
41	16.888397263713884	34.17998141242631	33.0608437930041	15.870777530855706
42	16.73075699816124	34.15071619928432	32.98355470940046	16.134972093153984
43	16.98486028548669	33.99745711375755	33.0723509567628	15.945331643992969
44	17.046153004098365	34.16138869514343	33.07341034006581	15.719047960692395
45	16.769442311760432	34.14884457837207	33.19235429083696	15.889358819030544
46	17.02336889630524	34.304695081540395	32.83942371417075	15.83251230798362
47	17.285733516369724	34.38252584304235	32.58286933213413	15.748871308453797
48	16.73566899591903	34.38375896583414	32.68402727055878	16.19654476768805
49	16.723267516585473	34.866530351258106	32.65452993558117	15.75567219657525
50	17.231362307199312	35.04433948971588	31.970807940612932	15.753490262471882
51	17.20791384227124	34.82651995897885	32.10504106737831	15.8605251313716
52	16.961403731963703	34.96903836993601	32.23733650099557	15.832221397104727
53	17.034883828437763	34.83523331391748	32.26960308434804	15.860279773296721
54	16.862031269184513	34.550244748158654	32.33393885512004	16.253785127536794
55	16.890556040020503	34.51010238852314	32.65682056379885	15.942521007657504
56	17.35612927562602	34.44809337312638	32.259105987818	15.9366713634296
57	16.830789724874602	34.99021992502128	32.13534040911002	16.043649940994104
58	17.090061853382522	34.96655849258961	32.18798250723472	15.755397146793145
>>END_MODULE
>>Per base GC content	fail
#Base	%GC
1	39.58802639231376
2	20.199044091324634
3	23.943778647098807
4	26.402362106591394
5	25.705730049819287
6	23.43795245486407
7	26.011889682972605
8	34.44078036203041
9	35.99097641478907
10	26.4119934290281
11	35.749281979554446
12	33.024312636047135
13	28.545905791621163
14	29.635914053733796
15	31.06611596533363
16	32.03320686725944
17	32.43385973359724
18	32.64014088700083
19	32.604586607337346
20	32.202390065775994
21	32.75196586424618
22	32.51233348865763
23	32.53170179143921
24	32.2285313611542
25	32.64286683760058
26	32.598544724998
27	32.704926735840964
28	32.686192592428206
29	32.870405816109475
30	32.145436712884425
31	32.6525736429464
32	32.49457174377669
33	32.482275798559876
34	32.689883810724204
35	32.908601295391406
36	32.81639132880863
37	32.921821962280504
38	32.63456344203101
39	32.92771373528162
40	32.67827252413346
41	32.75917479456959
42	32.865729091315224
43	32.930191929479655
44	32.76520096479076
45	32.65880113079098
46	32.85588120428886
47	33.03460482482352
48	32.93221376360708
49	32.47893971316073
50	32.98485256967119
51	33.06843897364284
52	32.793625129068424
53	32.89516360173448
54	33.11581639672131
55	32.833077047678
56	33.29280063905562
57	32.87443966586871
58	32.84545900017567
>>END_MODULE
>>Per sequence GC content	fail
#GC Content	Count
0	65937.0
1	39633.0
2	13329.0
3	12143.0
4	10926.0
5	10895.0
6	13261.0
7	15627.0
8	20213.5
9	30202.5
10	35605.0
11	44002.0
12	52399.0
13	62057.0
14	71715.0
15	88201.5
16	104557.0
17	104426.0
18	107903.5
19	111381.0
20	105086.0
21	98791.0
22	96792.0
23	96641.5
24	98490.0
25	93711.5
26	88933.0
27	82765.0
28	78826.5
29	81056.0
30	86779.0
31	92502.0
32	92040.5
33	91579.0
34	95733.0
35	105965.0
36	112043.0
37	120003.0
38	127963.0
39	133075.0
40	138187.0
41	144930.0
42	153582.5
43	155492.0
44	147946.0
45	140400.0
46	131027.5
47	108082.0
48	94509.0
49	83841.0
50	73173.0
51	62744.5
52	52316.0
53	43525.0
54	27635.0
55	20536.0
56	17029.0
57	13522.0
58	10231.0
59	5474.5
60	4009.0
61	3519.5
62	3030.0
63	2642.0
64	2254.0
65	2376.5
66	2155.5
67	1812.0
68	1607.5
69	1403.0
70	945.5
71	488.0
72	400.5
73	279.5
74	246.0
75	205.0
76	164.0
77	137.5
78	90.5
79	70.0
80	56.0
81	42.0
82	28.5
83	15.0
84	12.0
85	6.5
86	4.0
87	3.5
88	3.0
89	1.5
90	0.0
91	0.5
92	0.5
93	0.0
94	2.5
95	5.0
96	2.5
97	2.0
98	4.0
99	9.5
100	15.0
>>END_MODULE
>>Per base N content	pass
#Base	N-Count
1	0.1030315155876772
2	1.1094563774696037E-4
3	3.698187924898679E-5
4	0.0
5	0.0019970214794452863
6	0.00103549261897163
7	7.396375849797357E-5
8	0.0
9	7.396375849797357E-5
10	4.8076443023682827E-4
11	0.0024038221511841415
12	3.698187924898679E-5
13	0.0
14	0.003883097321143613
15	0.00299553221916793
16	2.958550339918943E-4
17	3.698187924898679E-5
18	5.917100679837886E-4
19	8.87565101975683E-4
20	3.698187924898679E-5
21	0.0
22	2.588731547429075E-4
23	0.0
24	4.8076443023682827E-4
25	0.002144948996441234
26	0.01786224767726062
27	0.03698187924898679
28	0.01634599062805216
29	0.013461404046631192
30	0.0032544053739108378
31	0.005029535577862203
32	0.004437825509878415
33	0.0035872422871517187
34	0.006028046317584846
35	0.022078181911645112
36	0.018490939624493396
37	0.006397865110074715
38	0.008431868468768988
39	0.006656738264817622
40	0.003883097321143613
41	0.002588731547429075
42	0.0011464382567185905
43	4.8076443023682827E-4
44	7.766194642287226E-4
45	0.0029215684606699564
46	0.003365351011657798
47	4.068006717388547E-4
48	4.437825509878415E-4
49	1.4792751699594715E-4
50	1.4792751699594715E-4
51	0.00207098523794326
52	0.0012943657737145375
53	0.001923057720947313
54	8.505832227266962E-4
55	4.8076443023682827E-4
56	0.0013683295322125112
57	0.0022189127549392075
58	0.001923057720947313
>>END_MODULE
>>Sequence Length Distribution	pass
#Length	Count
58	2704027.0
>>END_MODULE
>>Sequence Duplication Levels	fail
#Total Duplicate Percentage	69.95746600098974
#Duplication Level	Relative count
1	100.0
2	27.357743072207512
3	15.271377635063283
4	10.201422047999333
5	7.468879668049793
6	5.875852290498134
7	4.680039200150128
8	3.8282699806084364
9	3.198565441314456
10++	30.629287516420277
>>END_MODULE
>>Overrepresented sequences	fail
#Sequence	Count	Percentage	Possible Source
TTTTTTTTTTTTTTTTTTTTTTTTTTTTTTTTTTTTTTTTTTTTTTTTTTTTTTTTTT	36014	1.3318653992730103	No Hit
AAAAAAAAAAAAAAAAAAAAAAAAAAAAAAAAAAAAAAAAAAAAAAAAAAAAAAAAAA	11067	0.40927845764853676	No Hit
GATCGGAAGAGCACACGTCTGAACTCCAGTCACCCAGAGCTATCTCGTATGCCGTCTT	3290	0.12167038272916653	TruSeq Adapter, Index 5 (97% over 37bp)
>>END_MODULE
>>Kmer Content	pass
>>END_MODULE
